08649413
08686441
00531085
00566465
06844166
06844186
00077628
OC402031
09799665
OC402027
OC412000
08084031
09693421
00594581
05543634
01685693
07017401
08113991
01123611
01808326
02519780
08121731
02997859
02630590
03782379
08987222
05052745
03485972
07966837
03783019
SC102827
03858865
OC437891
07211684
OC432564
05428762
01367044
05428732
14652635
14419831
05477550
00247624
03392601
08113900
08114163
08705990
03787277
02646690
SC489636
SC489526
05753751
02294384
07154960
07155049
15626975
00398443
02404092
00737307
01141203
02217605
00369692
00883233
00349002
08649446
15601094
10027959
03523664
03783015
06137874
05769391
00404120
00303453
SC489591
12752167
00159414
06436101
06436121
OC394705
01469541
08751752
08684413
09822833
09822736
05769525
01273373
05848066
02489314
03256112
00662675
00885404
09684392
01052014
01686252
05554245
07410965
02995513
03126198
04135060
02574820
06190456
07411085
OC307955
00416147
09598495
09598536
02191494
OC448240
12698832
02556935
02995364
NI040904
13883126
03783014
03902730
01270381
08018007
02023634
11148036
08747138
02062284
00199835
03902700
03011791
00680231
07017305
08137485
SC023190
00881324
01294261
10546542
06404751
01122105
02574792
10556292
05325813
07033153
06404740
06440415
05308544
04979205
01180475
01449086
SC083991
SC020258
11581591
SC203910
10551384
10633160
01577583
05754891
14591257
14840096
SC014842
11059403
OC392861
10757831
09008001
03130297
04322876
02112970
04435931
01528870
02319285
05704254
05704064
05704135
05704083
01521006
05704172
OC394707
05501004
04364773
09598377
00775010
01417540
04556471
06607841
03679838
04448876
14185594
15601092
02684154
06404734
09961994
05704108
08884783
00156617
02990586
00551186
00309997
03105686
08684467
00537677
02840336
10660272
07017267
06506298
06820088
04996458
09822818
06404738
02811168
02355338
05186128
01401298
01122808
03232308
00961738
15634599
02969358
00326348
08114138
01505628
05380578
OC449639
06910378
02987829
01947809
09164628
07807709
NI016109
07251289
02508579
03198709
00728599
06506329
08404799
06569859
06569789
05753809
01752119
02916489
02063449
09147119
05504709
14943318
09203709
05173289
02836739
11168919
11087173
11273459
11059419
04698269
13783043
16561390
OC458100
16743191
17030971
17031189
17392519
17392602
17397197